add 28380 4305.80 C 461 6 30 348 1962
add 45295 4540.60 C 433 12 36 30 1980
add 16103 2126.35 C 102 10 40 14 1968
add 85175 1806.55 D 821 19 24 355 1966
add 71324 870.95 D 271 7 31 271 1969
add 30364 1500.57 C 11 17 1 316 1974
add 27908 3645.78 C 212 17 57 245 1971
add 30972 3270.49 C 486 15 20 349 1965
add 29045 4472.07 D 494 15 38 220 1988
add 37911 4069.72 C 217 6 47 127 1983
add 22857 3743.10 C 572 10 52 123 1994
add 1787 2698.91 C 338 16 49 70 1996
add 53347 3144.34 D 236 20 52 342 1998
add 60305 1554.85 C 316 1 18 276 1950
add 64274 837.59 C 758 4 46 84 1978
add 94252 2012.52 C 590 16 50 306 1957
add 58525 3959.90 D 804 0 27 181 1983
add 57153 1116.02 D 839 13 13 41 1974
add 80561 1737.98 D 428 18 35 269 1981
add 8660 3504.22 C 346 20 41 125 1995
add 14524 3768.97 D 719 12 7 331 1967
add 6762 3746.85 D 127 20 37 239 1990
add 15576 4268.32 D 913 18 1 358 1990
add 38898 516.80 C 788 13 30 54 1958
add 17047 4335.50 C 26 1 21 306 1950
add 97040 274.51 C 281 19 56 209 1981
add 80974 538.44 C 354 19 50 77 1978
add 26831 4390.08 D 19 5 52 358 1989
add 84612 4367.36 D 372 11 13 96 1950
add 5861 4879.08 D 24 15 24 154 1978
add 60486 3358.87 D 868 7 18 200 1996
add 31143 177.61 D 66 11 22 42 1977
add 32571 941.04 D 383 8 49 123 1952
add 20884 3632.58 D 971 17 37 289 1998
add 16168 3300.31 C 248 3 4 234 1974
add 60624 3632.92 C 546 10 18 14 1952
add 74074 2820.91 D 821 2 36 147 1958
add 48814 557.46 D 813 20 48 273 1967
add 46591 3897.67 C 702 11 30 235 1991
add 21920 1965.32 C 488 6 22 88 1971
add 97992 3172.98 C 26 8 11 216 1996
add 64128 3704.60 C 905 17 0 170 1978
add 46987 2498.59 C 125 18 44 22 1960
add 31726 865.12 D 818 16 37 144 1975
add 73790 4173.21 C 142 10 56 200 1981
add 47248 3750.93 D 775 6 42 222 1986
add 21353 4256.50 C 406 12 36 348 1989
add 43443 298.53 C 6 8 12 197 1967
add 33352 1010.36 D 633 8 27 277 1979
add 62170 2616.46 D 26 2 0 359 1991
add 96500 1768.25 C 274 7 37 25 1995
add 38276 1572.00 D 368 10 22 290 1958
add 79763 2783.35 D 577 10 14 3 1983
add 23543 4600.97 C 169 17 40 327 1952
add 88064 2856.25 D 171 2 49 75 1955
add 30793 3166.11 D 530 11 29 6 1956
add 73042 2793.15 D 252 10 38 156 1985
add 3203 2540.14 D 848 1 57 274 1992
add 68461 3995.10 C 670 5 45 213 1996
add 38939 2838.98 C 557 10 9 344 1950
add 42826 729.25 D 504 18 4 250 1963
add 26161 1481.22 C 984 1 25 145 1991
add 86803 1882.82 D 920 19 2 175 1990
add 68495 3499.26 C 235 0 14 146 1998
add 78012 4250.58 C 397 6 6 281 1960
add 6042 2378.30 C 331 12 6 259 1957
add 90765 656.57 C 628 7 11 280 1977
add 61997 348.58 D 16 0 13 315 1963
add 43347 2461.00 D 657 17 14 321 1982
add 69977 3307.01 D 936 21 17 337 1986
add 397 2252.89 C 84 9 17 299 1988
add 62105 1793.60 C 128 1 24 57 1990
add 72976 3779.40 C 391 20 18 347 1989
add 22955 698.84 D 12 12 11 62 1971
add 83905 2412.54 C 709 2 33 93 1963
add 39425 1627.53 D 332 12 17 186 1996
add 90940 704.15 C 597 10 34 103 1950
add 1614 3094.95 D 723 10 14 283 1971
add 85371 4829.75 C 644 0 51 22 1998
add 34786 4981.22 D 859 14 55 257 1991
add 8624 3972.27 D 960 9 42 277 1991
add 67500 4919.49 C 375 12 33 301 1993
add 54432 946.16 C 879 6 15 213 1958
add 65972 543.80 C 987 13 33 233 1968
add 49168 3613.02 D 430 4 5 89 1970
add 89771 2772.50 D 523 15 50 146 1992
add 27912 2889.13 C 406 3 18 324 1953
add 48898 1552.78 D 790 2 51 336 1967
add 48822 4396.04 D 83 7 5 183 1975
add 67354 1742.32 C 481 5 25 37 1969
add 13406 2054.70 C 917 20 33 344 1982
add 83250 3053.73 C 546 9 57 340 1965
add 85254 3174.07 C 777 9 3 114 1958
add 40559 4237.53 C 747 8 44 113 1991
add 24820 835.01 C 534 18 46 80 1956
add 52572 2929.54 C 302 15 43 319 1989
add 82823 620.10 D 79 9 46 55 1954
add 42144 3838.40 D 840 10 12 242 1968
add 19858 4990.30 C 71 5 15 37 1964
add 88808 4199.06 C 98 15 47 124 1952
add 44785 4859.18 D 994 6 49 362 1961
add 37832 1667.91 C 40 8 9 104 1988
add 89470 4165.43 D 336 9 48 264 1987
add 51297 1085.46 D 359 13 12 296 1960
add 62474 4494.65 C 959 19 33 274 1979
add 6282 2782.28 D 543 14 20 91 1973
add 49246 3050.88 C 965 4 15 223 1951
add 70220 1353.99 D 939 20 25 259 1996
add 51419 3528.98 D 642 7 37 285 1996
add 8517 81.05 D 529 14 41 283 1984
add 82767 688.36 D 292 16 5 260 1968
add 4501 2419.28 D 328 0 7 144 1983
add 64423 679.08 C 14 13 30 21 1983
add 96795 3236.64 C 632 21 15 254 1993
add 86910 420.89 D 757 4 45 108 1981
add 64163 3722.27 D 519 4 20 237 1952
add 31593 586.18 C 208 9 26 149 1950
add 12947 143.50 D 328 3 38 219 1973
add 69103 2987.46 C 340 2 32 71 1986
add 47133 2876.55 D 35 14 28 72 1959
add 77325 4420.24 C 667 15 12 151 1985
add 26156 3386.79 D 729 6 36 101 1979
add 46532 262.16 C 545 17 25 338 1965
add 40502 3084.30 D 620 4 30 233 1954
add 64233 2378.88 D 71 21 30 139 1986
add 60196 4230.52 D 287 10 9 309 1969
add 97312 2137.91 D 403 1 52 73 1988
add 36243 4321.74 D 83 7 3 162 1988
add 14049 580.81 D 560 9 11 341 1956
add 60120 1625.30 D 912 5 42 74 1957
add 13591 4054.70 D 26 19 50 77 1984
add 11371 794.13 C 805 12 49 142 1984
add 55455 4853.88 D 726 5 52 275 1980
add 48406 3735.60 D 993 4 53 29 1996
add 6631 2672.29 D 179 2 10 142 1980
add 22567 2160.28 D 412 21 51 362 1989
add 48886 3917.57 C 905 3 39 318 1951
add 20551 4486.52 D 839 3 19 172 1970
add 13821 2187.57 C 402 5 27 350 1998
add 65252 1026.59 D 98 12 1 169 1992
add 38275 4460.04 D 249 8 9 52 1994
add 30122 2630.11 C 21 18 55 265 1986
add 57656 3796.32 D 163 12 34 317 1990
add 47108 4210.65 C 116 14 16 214 1975
add 79757 609.75 C 77 19 26 98 1955
add 13258 831.20 C 128 17 32 326 1991
add 6665 799.63 C 539 20 20 216 1965
add 26063 274.33 C 927 12 29 55 1977
add 97319 301.55 D 22 0 36 359 1983
add 2625 2272.80 D 435 0 46 294 1993
add 88295 1854.73 D 941 21 43 103 1954
add 62718 826.44 C 506 4 54 118 1994
add 15416 1037.34 D 456 10 7 308 1982
add 80826 2281.01 C 977 20 11 149 1989
add 3740 4870.42 D 371 7 38 294 1976
add 37236 3094.91 D 312 8 51 201 1990
add 18524 2541.27 C 700 13 32 34 1955
add 23262 2469.43 C 539 16 48 297 1969
add 94732 4047.05 C 712 14 55 48 1993
add 80679 1268.44 D 419 16 26 150 1990
add 87661 3809.43 D 524 19 29 64 1953
add 80447 4903.16 D 46 9 3 224 1960
add 12282 2560.96 C 558 6 2 204 1954
add 70799 4107.84 C 302 9 21 354 1992
add 63850 2054.08 C 429 21 44 137 1992
add 49777 3782.28 D 878 1 47 331 1953
add 37376 3393.48 C 76 6 52 134 1980
add 42285 1326.68 D 789 11 48 56 1959
add 88541 1042.49 C 211 20 24 15 1963
add 86751 2144.91 C 580 11 50 216 1971
add 3616 804.53 D 398 8 25 97 1956
add 61460 1241.69 D 666 4 31 192 1975
add 70985 1330.16 D 319 19 28 331 1996
add 5646 1089.76 C 491 18 47 130 1970
add 71826 4950.64 D 63 2 29 86 1991
add 15428 2192.52 D 452 8 32 67 1986
add 32559 4888.74 D 488 17 29 38 1987
add 19643 4018.21 D 783 0 3 346 1973
add 6603 2147.58 C 977 15 4 93 1950
add 65686 231.14 D 827 6 30 0 1952
add 78051 1628.32 D 163 20 23 64 1977
add 70409 3395.98 D 406 21 18 66 1997
add 4823 3277.46 C 420 20 7 123 1994
add 16175 580.72 C 218 17 39 350 1984
add 43885 314.42 D 210 8 29 291 1979
add 97130 2534.22 D 448 9 11 45 1964
add 26102 2840.45 C 582 15 42 176 1997
add 45790 364.04 C 55 4 8 346 1998
add 73314 1379.34 D 405 0 53 214 1972
add 94999 4890.29 C 399 16 27 40 1989
add 75207 1150.94 C 137 0 47 352 1979
add 55351 101.48 C 177 20 10 186 1997
add 68557 4128.16 C 214 12 42 173 1988
add 13154 3387.90 C 832 14 15 335 1974
add 86425 2178.27 D 354 4 11 181 1997
add 79008 1478.49 D 904 17 31 41 1969
add 69889 839.25 D 360 10 49 99 1966
add 42075 2256.90 D 989 4 49 271 1964
add 59877 4532.01 C 234 12 5 261 1969
add 10123 3882.58 D 268 3 45 146 1969
add 11691 259.25 C 664 15 38 285 1995
add 40426 3892.57 C 780 5 31 125 1960
add 99796 3091.73 D 198 21 7 227 1997
add 91584 2209.92 D 900 15 51 348 1965
add 5446 2992.69 C 686 21 8 29 1981
add 51357 3234.40 D 691 7 9 360 1954
add 4746 3781.34 C 791 16 42 102 1978
add 20583 3441.37 C 88 13 40 0 1968
add 99691 1286.02 C 641 9 56 124 1951
add 58256 2164.48 D 102 2 29 225 1961
add 59805 3987.93 D 940 5 56 163 1962
add 17849 4488.14 D 480 4 32 221 1972
add 66921 706.24 D 103 9 57 311 1975
add 29954 1425.36 D 517 1 25 265 1973
add 80697 1125.17 C 231 1 53 199 1993
add 11325 3806.89 D 961 7 54 342 1982
add 67449 1214.08 D 993 21 40 219 1984
add 5386 2557.42 D 201 21 2 186 1968
add 59870 1841.19 C 733 14 16 184 1960
add 84307 4284.44 C 180 7 16 334 1956
add 40217 131.67 D 359 4 7 350 1951
add 67700 2355.88 D 728 10 19 269 1987
add 64543 4371.08 D 850 17 39 344 1963
add 38031 4891.94 D 245 1 37 326 1973
add 70558 4504.73 D 428 3 41 12 1967
add 57823 2347.21 D 944 9 0 317 1961
add 36688 1533.85 C 714 8 9 94 1956
add 18715 3608.63 D 73 1 43 310 1977
add 84917 359.34 D 455 8 27 21 1984
add 77480 785.18 C 831 10 45 326 1959
add 44982 1873.90 D 605 19 24 6 1997
add 59054 4115.11 D 901 2 43 194 1991
add 22517 1353.21 D 855 5 21 174 1950
add 31667 4666.36 D 793 6 50 160 1993
add 38697 1447.13 D 915 9 6 101 1974
add 84165 3756.12 D 459 18 22 36 1958
add 33987 4321.48 D 113 19 48 35 1958
add 60571 4265.19 D 837 20 47 208 1991
add 53555 3751.45 D 140 14 54 86 1988
add 31995 272.90 C 302 12 54 279 1954
add 56937 4217.07 D 987 10 28 302 1998
add 10951 2688.57 C 180 0 41 325 1962
add 19529 301.92 C 413 11 54 265 1966
add 38167 4805.01 C 802 9 25 338 1972
add 18486 945.52 D 493 20 5 225 1963
add 96965 2950.04 D 755 5 38 118 1997
add 20601 4350.38 D 70 9 24 45 1981
add 35291 3661.76 D 300 14 47 95 1988
add 14750 594.43 D 176 12 32 330 1955
add 462 63.34 D 131 6 30 57 1964
add 56471 249.61 C 745 13 6 22 1994
add 16727 1363.11 C 920 0 11 116 1990
add 17271 3557.38 C 166 13 24 96 1959
add 60707 655.72 D 345 5 7 301 1971
add 56218 962.03 C 515 19 55 201 1967
add 14793 2450.16 C 538 11 13 50 1986
add 56414 2052.38 C 517 11 8 221 1954
add 3583 2600.53 D 142 6 32 344 1987
add 93918 1212.92 D 561 8 10 351 1980
add 43436 4565.09 D 421 8 32 109 1989
add 31703 4534.86 C 333 3 55 198 1997
add 60224 2169.60 C 123 8 7 16 1980
add 56214 3788.19 C 882 14 2 125 1986
add 55349 300.69 C 14 1 5 0 1968
add 99122 4505.23 C 184 15 35 113 1951
add 25120 1204.92 D 308 14 9 208 1954
add 11835 1476.69 D 531 8 36 220 1962
add 63547 319.45 D 396 11 47 216 1977
add 85358 1210.90 C 294 14 32 310 1963
add 3658 1810.03 D 606 19 37 234 1963
add 33072 2156.98 D 894 15 33 36 1993
add 77388 242.09 D 894 21 7 55 1963
add 94857 2611.41 D 211 1 29 127 1998
add 21215 4985.42 C 75 15 57 169 1959
add 90574 3190.83 C 907 17 2 113 1951
add 76113 2691.96 D 390 16 26 220 1973
add 60537 3306.13 D 19 19 43 136 1993
add 64717 4975.87 C 645 17 40 319 1985
add 39772 3509.67 C 214 20 16 225 1978
add 95826 2454.04 C 518 3 4 10 1968
add 64181 3026.37 D 356 13 40 343 1970
add 41330 3086.01 C 42 17 7 104 1985
add 43013 3449.85 C 556 3 55 261 1975
add 4426 469.30 D 6 17 47 236 1993
add 98721 2676.98 C 259 16 28 113 1960
add 10122 1484.39 D 729 1 34 59 1955
add 90225 1365.85 D 366 8 31 164 1989
add 46515 3699.49 C 823 10 13 117 1968
add 60596 452.41 D 606 12 31 163 1964
add 10381 4195.37 D 811 19 20 286 1959
add 75173 4510.99 D 665 19 36 279 1987
add 35578 2720.30 C 699 16 34 328 1971
add 41135 1993.68 D 809 12 43 172 1972
add 7787 3335.25 C 890 2 12 302 1974
add 24538 4633.92 C 974 14 17 186 1998
add 94099 4959.55 D 20 10 54 93 1995
add 5833 4549.32 C 584 12 17 329 1998
add 40972 2477.24 D 619 15 24 332 1982
add 39887 3828.95 C 563 13 6 100 1974
add 19065 1314.06 D 670 8 22 179 1962
add 11515 2640.20 C 299 10 40 102 1963
add 18471 4645.46 D 465 10 20 223 1987
add 2540 3140.38 C 532 20 36 324 1970
add 22863 3645.60 D 340 14 41 332 1969
add 11398 2728.25 D 414 1 20 221 1991
add 16064 2437.70 C 179 12 21 176 1985
add 91313 1420.63 D 226 5 41 361 1954
add 99567 655.64 D 783 14 14 65 1967
add 98032 4389.13 D 491 0 14 65 1962
add 24509 2777.22 D 473 16 25 186 1962
add 63169 1942.38 C 474 18 14 68 1966
add 66619 4639.05 C 540 15 43 74 1957
add 34143 488.72 C 297 19 15 80 1976
add 97663 3793.35 D 406 9 54 206 1984
add 46747 4264.55 C 172 12 39 110 1973
add 31891 1616.71 C 609 18 50 105 1962
add 21358 3863.61 C 480 15 33 322 1959
add 51001 1331.07 C 972 19 21 117 1978
add 98788 3852.17 C 686 21 53 103 1967
add 36151 2347.00 C 578 19 32 341 1986
add 56827 3005.44 C 333 9 44 45 1951
add 60514 2589.46 D 401 9 3 48 1951
add 73448 1950.25 D 597 8 9 44 1957
add 20909 1716.22 C 719 4 54 343 1983
add 27732 4249.19 D 141 13 51 312 1972
add 12010 4389.06 C 664 16 46 148 1986
add 54502 3211.44 C 269 11 0 155 1960
add 71658 4007.91 D 528 19 6 57 1965
add 93688 2965.30 C 599 10 16 17 1974
add 50793 3568.15 D 683 11 37 340 1951
add 444 3577.71 C 759 12 27 30 1978
add 86505 1551.08 C 232 15 39 182 1976
add 7031 1255.80 D 832 21 25 19 1978
add 81746 2007.92 D 753 4 27 255 1965
add 52470 915.81 C 550 20 20 181 1985
add 20192 4247.30 D 749 10 55 258 1955
add 21004 4654.25 C 472 3 27 328 1982
add 69794 3786.55 C 667 11 42 241 1985
add 55357 906.77 C 622 21 27 348 1987
add 53511 2476.80 C 603 1 49 96 1957
add 35829 329.64 C 344 12 46 317 1965
add 90763 1962.21 C 50 19 56 362 1955
add 41228 689.20 D 350 9 15 209 1950
add 38102 883.35 D 304 20 43 31 1971
add 32665 4294.21 D 206 2 14 334 1961
add 82627 2484.95 C 399 7 37 119 1957
add 26214 2756.54 C 739 11 16 120 1951
add 66652 538.17 C 672 2 42 154 1992
add 45469 115.09 D 100 17 25 164 1979
add 47149 2737.50 C 331 17 34 157 1996
add 70000 1608.25 D 488 0 56 263 1996
add 18474 1982.61 D 632 2 57 177 1988
add 20734 1629.99 C 756 19 43 358 1990
add 51906 2204.99 D 537 10 41 327 1983
add 48266 654.81 C 390 1 19 186 1962
add 30486 1649.90 C 955 2 30 101 1980
add 15127 2166.62 D 606 5 21 36 1957
add 82714 2773.53 D 943 18 30 104 1985
add 88017 1876.75 D 553 7 5 19 1994
add 43573 4165.64 C 464 13 1 61 1956
add 81016 2766.21 D 854 15 53 98 1990
add 96437 1157.78 C 580 14 51 77 1988
add 15803 737.47 C 972 17 26 265 1951
add 74346 3027.32 D 189 20 2 247 1955
add 89881 1910.73 D 151 16 17 19 1996
add 24187 957.35 D 659 13 20 353 1983
add 68833 3850.04 D 910 11 31 2 1983
add 62284 2162.69 C 990 3 16 3 1981
add 43626 4254.22 D 333 7 1 30 1991
add 74917 1842.13 D 353 20 55 31 1996
add 18973 1897.91 D 635 9 23 193 1970
add 42279 867.03 C 126 14 25 270 1995
add 23773 857.84 C 757 4 46 168 1962
add 89403 3366.53 C 787 13 35 119 1953
add 59641 309.44 D 966 4 34 329 1987
add 92554 4619.36 D 285 2 44 123 1975
add 28551 3428.99 D 704 11 34 353 1952
add 94618 912.64 C 735 18 43 268 1989
add 5593 186.46 C 170 11 31 171 1982
add 7991 4277.54 D 575 5 25 286 1956
add 47878 64.20 D 379 0 52 228 1984
add 8496 1262.27 C 524 11 45 39 1991
add 55591 1986.63 D 681 2 13 278 1986
add 48832 1152.27 D 969 18 42 9 1952
add 26222 4996.04 D 980 0 33 37 1957
add 45084 297.92 D 643 17 42 150 1982
add 67973 4459.78 C 148 17 48 10 1970
add 14787 459.98 D 702 17 39 201 1994
add 63371 4843.84 C 357 14 47 174 1984
add 70090 332.63 C 564 17 30 277 1987
add 99104 1338.10 C 331 11 38 118 1952
add 94514 654.69 D 133 5 45 289 1956
add 3076 3868.36 D 751 14 41 311 1961
add 56819 4568.75 C 262 21 44 100 1954
add 54725 3280.29 D 306 1 0 281 1993
add 40511 1138.70 D 564 11 14 239 1983
add 59594 730.43 D 114 11 56 112 1959
add 92494 1185.63 C 952 12 56 168 1985
add 4188 2569.55 D 522 3 14 127 1995
add 19379 852.25 D 505 16 2 300 1985
add 32123 4253.32 D 510 1 12 250 1959
add 84979 4556.19 D 526 7 12 203 1995
add 7584 3065.56 D 183 3 1 293 1981
add 87490 242.02 C 913 14 37 103 1962
add 57119 689.24 C 105 18 18 280 1968
add 19885 1092.43 D 197 16 28 126 1965
add 5760 2910.30 D 453 12 29 66 1983
add 42035 4108.59 C 869 10 37 201 1991
add 48514 4989.56 D 228 0 34 92 1958
add 18065 2219.81 D 853 11 13 343 1971
add 23225 2487.78 C 12 2 47 151 1965
add 97472 2832.80 C 233 19 49 55 1967
add 75817 3579.05 D 22 5 44 37 1950
add 43508 1980.55 C 618 6 36 20 1978
add 33954 137.72 C 426 1 29 197 1951
add 37358 4481.00 D 735 17 27 281 1981
add 30108 1133.95 D 178 17 50 270 1968
add 11613 1765.83 D 120 16 14 78 1987
add 40073 3123.09 C 857 20 12 3 1984
add 91572 289.20 C 38 16 39 258 1969
add 27924 3864.02 C 241 1 2 222 1987
add 47864 4676.94 D 962 20 13 176 1957
add 13444 1351.61 D 609 17 23 205 1997
add 88934 1026.12 D 254 14 11 348 1987
add 3035 1798.45 D 12 19 57 190 1953
add 46886 2015.26 D 902 4 50 50 1977
add 50129 1351.07 D 996 0 9 100 1960
add 35209 1735.24 C 414 10 25 217 1969
add 36108 2575.67 C 520 9 37 153 1990
add 81900 4401.22 C 249 21 51 294 1973
add 87758 2998.66 C 52 7 16 39 1982
add 66502 2355.58 D 395 18 27 305 1950
add 72266 4237.08 D 85 21 20 351 1994
add 14563 22.10 C 948 5 51 224 1998
add 35778 1504.11 D 564 9 11 228 1963
add 28049 1721.55 C 812 1 41 125 1969
add 76534 4524.73 C 955 2 9 162 1995
add 55202 2508.81 C 889 6 37 274 1971
add 68595 2146.82 D 947 21 16 108 1978
add 28391 2441.65 D 356 20 22 85 1957
add 77177 4182.79 C 32 0 48 211 1969
add 23436 941.49 D 913 11 31 25 1992
add 31609 266.84 C 439 0 5 311 1967
add 18947 4156.01 C 96 13 33 119 1985
add 46930 1763.09 D 175 0 45 229 1968
add 59188 4484.10 D 30 19 50 36 1958
add 10139 4009.76 C 141 1 50 116 1958
add 48968 2672.96 D 236 17 17 45 1955
add 72116 2434.40 D 589 21 50 136 1987
add 34094 4147.86 C 342 9 8 29 1956
add 11233 2325.55 D 378 0 53 21 1996
add 45890 2484.39 D 831 14 53 353 1996
add 59657 3295.74 D 794 12 3 157 1972
add 13295 4183.62 D 172 6 26 163 1953
add 8379 721.24 D 900 12 26 174 1967
add 71072 160.11 C 955 3 43 361 1964
add 31972 2693.50 C 674 1 50 160 1991
add 17622 603.13 C 900 20 47 104 1972
add 99096 2267.58 D 408 16 9 295 1997
add 933 1121.04 D 833 3 57 76 1985
add 59771 1042.60 D 112 16 50 203 1961
add 36175 4329.20 D 14 13 18 95 1955
add 25424 1359.54 D 919 2 13 177 1980
add 83463 2291.35 D 422 17 42 144 1960
add 82736 651.37 D 707 3 47 307 1977
add 39287 1474.82 D 854 10 33 191 1965
add 7298 2730.76 C 459 11 11 220 1964
add 20145 3129.53 C 959 12 22 63 1958
add 68092 2050.52 C 66 21 48 349 1962
add 41883 3251.12 D 572 10 53 36 1973
add 38818 3221.89 D 587 20 12 6 1960
add 23255 2538.26 D 953 5 10 288 1970
add 57072 4325.89 C 188 14 15 264 1960
add 67230 3004.28 C 801 4 38 79 1998
add 97407 3802.82 C 256 3 3 179 1980
add 98552 4153.34 C 151 19 4 62 1962
add 49270 1955.15 C 425 12 38 17 1992
add 61072 2881.31 C 525 9 20 55 1963
add 15858 4348.86 D 500 10 37 180 1979
add 3366 2511.39 C 942 14 40 227 1974
add 74883 648.45 D 522 2 20 236 1973
add 6161 2624.79 D 656 10 1 5 1958
add 67277 3670.79 D 457 6 18 13 1979
add 30072 2596.52 C 733 8 45 313 1979
add 4850 4692.88 D 247 5 4 71 1974
add 87179 2996.46 C 827 12 22 2 1981
add 12911 2298.80 D 222 16 29 56 1957
add 64954 265.92 D 776 6 31 236 1980
add 48874 3300.90 C 94 19 18 82 1963
add 56046 1329.77 C 878 13 8 249 1977
add 62867 520.41 C 35 3 18 169 1956
add 72461 1054.33 D 952 10 36 268 1973
add 91341 3462.70 D 575 20 41 169 1972
add 47623 1711.25 D 563 8 1 239 1952
add 99727 4172.22 D 298 10 23 119 1959
add 54858 4857.38 D 10 5 53 184 1998
add 15123 1802.40 D 592 0 4 351 1956
add 95802 2290.92 C 953 18 8 99 1989
add 15050 685.59 D 923 14 40 37 1995
add 37255 3993.94 D 772 10 56 295 1952
add 63280 2938.20 C 388 19 28 218 1981
add 99991 2221.46 C 54 18 2 283 1994
add 8761 2886.24 C 518 0 34 0 1954
add 28044 2147.24 C 782 21 21 207 1989
add 88644 1846.40 D 586 11 7 145 1985
add 91985 726.40 C 126 8 0 168 1984
add 1438 3047.76 D 897 12 56 15 1971
add 4708 1685.05 C 921 2 30 207 1991
add 41300 2729.39 C 803 20 2 92 1991
add 53232 797.15 C 214 16 2 87 1961
add 9484 4698.98 C 429 0 24 219 1991
add 75041 1858.62 C 480 9 34 362 1968
add 43954 1887.49 D 352 16 40 156 1977
add 32484 18.97 C 383 5 11 88 1980
add 33192 4685.31 D 715 3 34 25 1993
add 63737 380.61 C 182 1 42 68 1975
add 5195 2094.70 D 522 4 30 172 1955
add 13847 1025.84 C 158 7 31 313 1995
add 7701 2983.97 D 97 16 42 24 1985
add 74387 881.93 C 667 18 24 33 1973
add 20641 978.38 D 944 4 8 340 1955
add 85212 4084.20 D 680 15 23 283 1959
add 66841 2773.04 D 503 16 7 299 1978
add 76859 3747.43 D 936 14 19 354 1993
add 11987 902.83 D 534 16 39 163 1968
add 57084 4305.65 C 56 3 23 164 1992
add 69870 3254.59 C 120 2 52 38 1964
add 70068 2830.55 D 244 13 2 307 1950
add 53930 2856.76 C 524 7 37 237 1951
add 81797 988.56 C 428 7 37 211 1962
add 41100 2731.52 C 397 18 41 89 1979
add 70138 546.87 C 960 18 18 30 1955
add 38994 1844.69 D 66 16 2 173 1970
add 23123 1588.49 C 240 3 35 21 1978
add 72416 4438.47 D 891 17 44 286 1977
add 73958 3846.51 C 873 10 27 292 1988
add 30246 1282.24 D 933 18 57 95 1983
add 26272 2817.66 C 220 5 28 315 1950
add 38683 2626.53 D 427 10 43 81 1977
add 48122 3565.51 C 467 16 56 166 1962
add 51894 3895.33 C 783 17 28 80 1995
add 27464 2476.37 C 9 1 28 37 1987
add 28038 4939.30 D 726 0 18 182 1995
add 93122 1172.24 C 984 7 7 269 1983
add 32465 192.47 C 124 18 44 358 1964
add 35887 2527.01 C 629 16 13 177 1985
add 76369 34.78 C 535 19 30 247 1966
add 95916 3449.46 D 957 5 2 344 1997
add 40516 1529.89 D 447 0 9 357 1979
add 78974 1295.76 C 787 17 4 322 1962
add 74485 2073.24 C 523 18 4 262 1990
add 77511 1978.78 C 994 18 52 106 1960
add 73880 4028.58 D 886 21 4 125 1981
add 52940 277.35 D 364 3 28 82 1950
add 57235 1261.77 C 635 4 57 79 1966
add 37335 4552.63 C 409 8 14 181 1961
add 63303 403.97 C 97 15 22 242 1976
add 37745 4328.55 C 726 10 40 90 1985
add 14447 926.02 D 517 13 53 175 1961
add 51337 443.28 C 763 0 43 328 1958
add 16827 4356.37 C 168 3 54 360 1977
add 24550 3728.93 C 78 8 51 64 1977
add 93086 4224.24 C 97 15 53 356 1963
add 14490 4426.38 C 440 18 35 16 1958
add 68245 4560.37 D 983 2 30 360 1988
add 35750 792.30 D 383 0 2 309 1962
add 54500 1037.10 C 840 1 46 315 1960
add 861 1605.40 D 34 3 38 5 1998
add 5633 80.05 C 511 17 53 185 1991
add 87589 3528.99 D 347 11 26 336 1958
add 36737 2533.25 C 210 21 44 73 1990
add 91264 536.76 D 56 5 46 33 1989
add 29956 4709.90 D 551 13 57 16 1958
add 45353 3858.91 D 974 11 6 200 1963
add 71946 910.67 C 814 14 24 101 1970
add 18487 2155.71 D 460 15 2 49 1958
add 93757 2741.64 C 406 6 52 213 1960
add 21131 2875.32 D 179 10 37 40 1994
add 8849 1813.87 C 740 4 3 227 1996
add 80107 2003.13 D 476 19 47 91 1957
add 69923 3656.71 C 11 7 28 139 1960
add 64174 659.50 C 978 8 2 159 1974
add 90300 1926.76 D 587 1 23 49 1976
add 68869 3252.98 C 271 21 3 83 1967
add 525 3244.61 D 990 4 35 24 1993
add 93809 3146.09 D 738 18 12 36 1958
add 35915 4241.37 D 686 6 33 305 1976
add 70656 3040.58 D 921 8 24 89 1973
add 75745 3646.97 D 164 4 43 253 1987
add 24952 3539.29 C 992 18 1 55 1958
add 79783 3502.35 C 14 2 31 306 1956
add 80028 4591.66 D 193 15 13 121 1976
add 92869 4827.48 D 994 5 30 76 1968
add 36182 779.78 C 325 19 22 343 1960
add 13253 4327.27 D 294 10 44 318 1966
add 83344 2652.22 C 657 9 46 51 1982
add 45372 4967.49 D 471 20 29 259 1953
add 30407 2562.48 C 827 13 39 160 1981
add 82804 4502.58 C 792 17 20 7 1980
add 59461 4719.17 C 605 7 13 156 1982
add 92066 2287.49 D 940 16 53 87 1983
add 38098 405.03 C 603 20 15 199 1981
add 92988 955.54 C 308 18 23 17 1950
add 48013 571.67 C 285 19 36 312 1997
add 56342 794.33 C 373 18 39 123 1994
add 13105 4267.13 C 865 16 26 354 1950
add 64453 901.77 C 845 13 50 343 1979
add 35262 2603.37 C 961 18 57 203 1973
add 5476 2454.21 C 582 2 16 39 1974
add 71055 4220.55 C 75 19 24 39 1963
add 97047 668.70 D 487 8 31 13 1982
add 7532 4455.34 C 278 5 12 333 1991
add 60021 3291.48 C 866 12 57 27 1953
add 20319 1670.06 C 664 20 30 146 1957
add 87990 4694.67 C 955 2 40 105 1965
add 22225 449.87 D 452 13 0 76 1975
add 83279 913.19 C 609 3 54 190 1993
add 35567 2624.99 C 812 0 47 290 1967
add 55141 2203.97 D 360 6 39 86 1970
add 46405 3324.91 D 772 5 51 154 1962
add 840 959.46 C 317 21 32 241 1954
add 23895 521.71 C 802 16 41 238 1997
add 15327 4057.50 C 647 18 18 26 1971
add 12967 2769.46 C 922 18 55 335 1973
add 215 4979.57 C 588 15 49 86 1954
add 33528 1096.80 D 431 21 55 256 1992
add 67759 2279.38 C 232 4 10 129 1964
add 44386 2259.63 D 611 13 49 118 1998
add 60533 2233.94 C 540 11 56 361 1960
add 55112 1811.04 C 991 11 45 188 1994
add 32523 4759.14 D 325 7 36 322 1958
add 94035 1695.49 C 31 21 28 66 1983
add 62323 2921.74 C 160 8 44 207 1980
add 65570 3324.17 D 320 3 14 2 1955
add 94151 2629.92 D 449 3 51 83 1971
add 55093 3338.75 D 627 7 57 330 1969
add 27375 334.42 C 115 14 28 94 1976
add 64549 520.42 D 418 3 54 155 1981
add 268 2822.23 D 651 11 41 128 1970
add 87020 3551.21 D 675 7 17 186 1997
add 38676 4434.94 D 487 1 32 66 1979
add 53433 584.85 C 121 6 39 151 1982
add 65320 3293.67 C 902 6 9 342 1969
add 9621 2833.91 C 191 20 9 199 1965
add 90424 4362.81 C 960 19 30 126 1978
add 6946 630.46 C 357 7 38 195 1955
add 29375 3434.32 D 185 4 55 306 1967
add 14675 1667.20 D 645 4 31 319 1984
add 18123 2364.92 D 947 20 52 40 1965
add 87323 2376.07 C 452 2 38 312 1968
add 22010 2147.95 C 787 5 55 54 1996
add 45156 4651.47 D 996 0 36 252 1961
add 58753 1652.11 C 152 8 23 186 1994
add 51067 1374.98 D 15 20 36 12 1987
add 81265 1109.01 C 264 19 15 161 1961
add 92022 448.73 D 545 3 14 104 1957
add 91023 681.57 D 83 7 1 15 1955
add 98278 3294.42 D 885 12 13 150 1994
add 77691 695.40 D 615 12 18 244 1988
add 58586 24.95 C 98 8 43 46 1986
add 5695 1365.00 C 999 12 20 94 1955
add 14565 4745.81 C 639 15 1 247 1951
add 93457 1097.04 C 135 2 40 63 1967
add 42468 693.16 D 956 6 19 242 1994
add 55989 3702.55 C 798 14 51 306 1970
add 55531 1165.72 D 177 21 23 177 1957
add 6551 1100.17 C 469 9 56 124 1993
add 85117 3457.39 D 209 17 55 164 1960
add 38074 4342.51 C 358 10 38 186 1953
add 23844 4247.72 C 865 4 6 232 1952
add 30054 2047.49 C 345 8 9 162 1966
add 38920 1157.30 C 856 5 32 358 1990
add 51621 1566.89 C 800 6 32 126 1956
add 88874 1424.92 C 747 13 46 95 1962
add 56484 4474.04 D 514 10 17 31 1984
add 1884 4913.72 D 234 12 54 310 1985
add 90451 4202.63 C 212 15 15 4 1968
add 98921 4903.31 C 324 21 51 192 1986
add 98377 1974.08 D 101 12 45 265 1984
add 27496 1171.82 D 995 20 36 354 1956
add 39173 2142.61 D 387 17 21 78 1967
add 54918 1584.71 D 631 12 21 254 1992
add 8250 2007.29 C 279 11 15 359 1977
add 65263 940.16 D 279 2 4 76 1971
add 93778 3456.67 D 121 10 55 5 1981
add 90156 4007.90 D 926 4 42 350 1971
add 62804 1247.04 D 233 0 47 241 1965
add 14471 1734.33 D 203 2 2 19 1976
add 61614 156.61 C 77 18 56 165 1957
add 78432 4969.69 D 964 12 48 215 1965
add 55619 4177.26 D 478 2 17 209 1960
add 19432 1297.39 C 297 5 40 346 1985
add 65385 1435.44 D 458 18 55 136 1988
add 22683 1781.78 C 104 20 55 8 1992
add 80446 4783.50 C 411 11 23 353 1969
add 74861 700.88 C 647 13 30 307 1986
add 57559 4252.93 D 674 15 2 229 1960
add 39871 2580.45 D 696 14 13 140 1994
add 35018 3810.84 D 741 9 25 213 1984
add 880 2095.78 D 190 14 33 82 1954
add 19685 1111.12 D 643 11 4 164 1952
add 37751 3657.61 C 542 13 1 164 1979
add 28376 181.82 D 282 12 14 153 1988
add 34035 3748.67 C 984 10 26 29 1993
add 90229 3239.84 D 702 7 1 296 1974
add 32640 327.05 D 606 8 10 251 1965
add 41716 4074.67 D 611 14 52 295 1991
add 84334 4863.08 C 972 1 38 79 1969
add 70923 1692.43 C 632 16 22 109 1992
add 58215 3825.83 C 461 1 57 356 1996
add 92745 4161.56 D 87 6 26 86 1978
add 8292 2685.94 D 735 16 35 168 1993
add 61635 3851.70 D 303 7 56 352 1972
add 15315 1750.86 D 967 19 56 150 1971
add 53552 1507.09 C 736 0 15 134 1988
add 47999 4399.24 C 731 7 55 85 1963
add 73745 2845.91 D 419 10 29 270 1978
add 12771 4530.57 D 697 11 21 282 1986
add 72006 2626.94 C 496 19 35 325 1956
add 86202 1296.77 C 524 5 44 1 1958
add 72050 2375.00 D 889 18 45 282 1984
add 49240 431.81 D 596 1 29 41 1994
add 46652 4206.59 D 328 5 52 214 1979
add 67402 2746.11 D 499 21 44 44 1975
add 95172 4446.96 C 305 10 30 124 1990
add 86060 1601.85 C 377 19 44 344 1980
add 5138 1980.32 C 688 21 56 48 1957
add 34962 2435.74 C 568 1 36 199 1990
add 4488 2524.30 C 34 11 46 263 1952
add 61124 3645.59 C 159 20 30 227 1997
add 36150 1270.27 D 865 0 1 67 1998
add 34242 4407.22 D 362 6 11 340 1990
add 11574 2580.78 D 424 10 12 219 1956
add 93761 1237.85 C 843 3 38 102 1976
add 24866 1685.69 D 683 7 49 81 1955
add 31737 1372.70 C 414 19 51 221 1992
add 34168 4568.19 C 623 1 32 165 1982
add 30642 2270.91 C 722 4 0 338 1984
add 41919 3482.35 D 57 3 33 227 1969
add 239 2817.43 C 828 9 52 326 1981
add 30641 1793.37 C 510 16 19 162 1986
add 82691 3037.10 C 833 6 25 82 1973
add 35886 3082.12 C 928 7 28 184 1997
add 20011 387.49 D 934 4 38 144 1988
add 62992 705.30 C 243 16 43 123 1979
add 3027 1946.68 C 550 7 49 100 1965
add 79284 252.64 C 47 14 42 294 1960
add 45978 3062.70 C 437 20 5 199 1975
add 38355 3592.48 D 916 16 23 328 1985
add 55902 4280.73 C 906 4 43 57 1975
add 18086 4447.26 D 130 17 51 58 1998
add 90934 4614.65 D 554 20 3 52 1971
add 79019 1690.27 D 832 4 36 117 1977
add 26674 479.30 D 163 11 47 192 1988
add 74750 2805.01 D 875 2 22 347 1970
add 74760 849.85 D 631 6 43 69 1967
add 70966 1198.61 C 888 2 28 37 1963
add 22779 464.67 C 116 0 1 311 1952
add 54769 2310.81 C 337 15 2 82 1998
add 89668 4138.15 D 756 7 4 236 1953
add 40931 4709.71 D 575 14 23 1 1985
add 15733 1499.81 D 634 2 42 295 1987
add 6726 3615.84 C 179 11 3 270 1962
add 31447 2726.20 C 861 2 9 208 1964
add 11963 545.99 C 85 0 25 165 1972
add 74138 2081.91 D 943 12 18 92 1964
add 85877 4018.00 D 271 3 27 319 1984
add 46737 2336.14 C 807 18 42 33 1979
add 87514 2508.18 C 44 5 8 356 1955
add 37709 4371.18 C 144 8 51 134 1985
add 71242 2102.57 C 162 21 54 263 1967
add 46311 2549.38 D 958 3 38 296 1973
add 14042 2533.53 C 345 9 13 49 1991
add 82321 2654.71 C 468 3 20 154 1950
add 86212 1543.05 C 913 4 52 348 1973
add 34375 475.64 C 751 14 23 29 1962
add 72124 3764.20 C 601 14 39 157 1950
add 26059 345.53 C 780 5 43 242 1964
add 72676 1562.09 C 792 21 14 352 1998
add 3884 4207.01 C 743 20 34 215 1967
add 46088 1525.81 C 712 3 40 285 1990
add 26298 3016.82 D 801 13 48 302 1979
add 68659 1552.66 C 335 4 12 268 1955
add 47871 3557.30 C 653 4 28 348 1966
add 22162 4716.17 C 39 18 1 345 1981
add 17788 4971.29 D 590 10 52 286 1993
add 39478 2359.28 D 264 21 48 349 1979
add 36799 586.45 D 893 5 35 205 1957
add 65138 104.07 D 701 10 19 172 1989
add 41762 1845.71 D 752 11 0 298 1964
add 12410 1719.49 D 781 9 38 345 1956
add 11918 2410.12 C 82 21 14 133 1966
add 23549 2038.39 C 478 6 44 231 1962
add 16051 1750.53 C 885 3 12 10 1982
add 64886 1365.44 C 707 16 57 274 1976
add 44646 3794.49 D 55 5 7 18 1970
add 13363 67.17 D 825 14 31 333 1991
add 96225 2444.81 C 768 18 25 130 1979
add 16184 3285.63 D 3 16 21 24 1953
add 11962 2036.14 D 853 12 54 17 1958
add 30195 1967.02 D 510 10 52 159 1961
add 77744 2046.11 C 787 3 13 281 1975
add 72655 2646.81 C 142 12 33 132 1962
add 37814 1627.14 C 210 14 5 352 1956
add 40032 4682.56 D 356 6 55 339 1976
add 89122 775.71 C 100 11 7 12 1961
add 76452 4876.07 D 845 18 0 295 1960
add 50546 1205.23 C 17 1 11 323 1992
add 98473 676.08 D 597 1 52 262 1980
add 26110 1238.91 C 36 6 56 225 1980
add 7780 4403.03 C 690 5 20 153 1969
add 6339 289.27 C 287 1 55 7 1987
add 48488 2187.29 C 355 3 9 58 1955
add 76899 4740.44 D 236 11 46 105 1994
add 90660 2562.20 C 71 8 46 345 1976
add 28663 3299.75 D 98 15 36 91 1963
add 46692 903.36 C 716 6 54 47 1994
add 88329 1135.11 D 35 4 43 268 1993
add 52212 2155.58 D 31 15 31 27 1972
add 13754 3364.44 C 28 19 55 36 1989
add 68126 538.94 D 936 0 33 3 1984
add 23120 4713.61 D 574 6 25 336 1987
add 85448 1175.27 D 452 11 40 108 1988
add 52098 3409.33 D 584 10 42 180 1957
add 39569 4826.49 C 250 14 25 237 1991
add 58120 3623.37 C 158 17 24 180 1950
add 65587 3186.33 D 110 10 40 47 1977
add 15935 2034.54 C 104 2 36 362 1970
add 51355 3416.64 C 792 0 33 321 1953
add 73560 324.72 C 351 0 7 306 1988
add 69878 1869.84 C 97 20 50 2 1994
add 62780 1675.56 C 666 8 55 298 1977
add 97704 3188.84 D 140 11 49 353 1989
add 83337 582.07 D 301 1 47 114 1972
add 50947 2225.96 C 98 13 45 169 1971
add 4951 1549.54 D 473 12 26 117 1969
add 95580 2472.02 C 960 2 53 232 1965
add 56302 3490.34 D 819 12 4 8 1978
add 13652 937.31 C 39 11 25 31 1987
add 95127 2886.76 C 228 16 6 106 1966
add 32050 675.54 D 276 13 37 16 1962
add 78569 36.52 D 680 16 20 292 1997
add 45460 3392.43 D 596 2 30 241 1987
add 77908 3947.26 D 1 9 57 246 1968
add 90170 830.19 C 844 17 23 107 1956
add 6837 2696.36 C 672 10 56 286 1967
add 50337 4869.37 C 64 1 23 62 1998
add 57397 2322.64 D 83 16 1 58 1997
add 3384 2539.43 C 144 20 40 343 1966
add 62733 3566.23 D 884 14 6 43 1953
add 36148 3379.51 C 96 2 0 336 1983
add 30798 2023.02 C 325 19 0 37 1959
add 88432 2840.73 D 486 2 45 0 1997
add 18160 3530.18 D 723 1 29 102 1961
add 5587 1671.48 D 797 10 48 202 1957
add 38030 2849.10 D 467 5 19 150 1981
add 6785 2477.07 D 723 19 38 342 1951
add 21676 4962.09 C 181 20 51 211 1953
add 604 895.22 C 688 11 28 75 1978
add 77350 4549.44 D 962 21 3 269 1983
add 4583 78.65 C 87 17 51 85 1988
add 15870 463.00 C 830 5 10 81 1984
add 50366 3426.31 D 33 16 26 171 1960
add 37001 3262.89 C 775 19 39 214 1976
add 81102 1754.67 C 628 10 51 307 1963
add 95771 133.63 C 64 17 37 199 1953
add 72719 2350.30 D 20 3 29 228 1955
add 92870 2746.13 C 682 21 11 283 1978
add 35724 3595.37 C 775 21 3 102 1992
add 58263 4881.98 D 72 21 25 321 1967
add 79172 107.30 C 322 0 13 214 1957
add 22165 2886.40 D 550 9 57 298 1972
add 43431 4584.11 D 505 4 20 216 1969
add 92516 3266.21 D 55 6 18 192 1972
add 33400 3796.71 D 503 17 12 44 1977
add 83099 2999.40 C 113 18 54 228 1982
add 8811 2419.71 D 628 14 43 340 1992
add 61435 4372.51 D 178 10 48 128 1950
add 13255 4642.06 C 800 16 22 297 1991
add 10605 2412.32 D 725 7 13 53 1978
add 48581 4748.89 D 682 16 1 29 1996
add 24128 4228.29 C 759 13 32 201 1972
add 29303 3840.48 C 974 7 14 283 1958
add 10245 3068.28 C 597 7 14 191 1982
add 67399 4719.80 C 513 10 10 179 1981
add 71004 1013.29 C 752 0 45 104 1991
add 10181 1376.29 D 636 7 19 272 1959
add 13637 551.44 C 168 1 32 267 1984
add 34137 278.23 C 283 5 36 254 1971
add 9664 813.23 D 114 17 3 357 1993
add 45542 1896.89 C 209 16 25 184 1961
add 71237 1900.31 D 704 7 54 343 1967
add 13205 3793.02 C 86 18 33 105 1992
add 90816 2261.10 C 86 6 44 37 1978
add 86277 2774.71 D 630 17 6 271 1995
add 61428 655.26 C 532 7 47 98 1985
add 94387 1224.23 C 817 9 28 236 1957
add 87250 929.83 D 98 9 4 241 1988
add 52377 3941.55 D 477 2 18 223 1994
add 19307 4079.55 D 785 4 24 303 1991
add 16898 3102.17 D 814 2 0 328 1969
add 76039 3314.11 C 379 13 39 104 1952
add 67132 176.93 D 671 20 49 47 1956
add 33490 4104.94 D 392 2 10 304 1997
add 6911 4911.46 D 566 20 22 38 1985
add 94918 2434.19 D 778 16 37 22 1965
add 10485 2712.88 C 818 3 16 95 1954
add 74553 718.65 C 353 2 44 127 1966
add 59227 3041.51 C 310 6 42 116 1964
add 55297 2131.06 D 100 17 52 160 1967
add 41517 2655.10 C 686 8 17 62 1985
add 5121 291.77 D 770 0 34 160 1954
add 13085 3803.39 D 32 18 46 52 1974
add 61918 2553.06 C 470 12 42 252 1992
add 40077 3720.53 D 346 5 28 38 1954
add 21595 1349.09 C 157 0 50 19 1991
add 72105 3013.11 D 351 3 37 37 1992
add 89151 4333.89 D 210 5 44 129 1997
add 17551 1791.37 C 437 10 27 165 1976
add 77520 280.26 C 515 21 15 68 1954
add 18386 3641.33 C 805 4 41 183 1954
add 63934 3962.02 C 733 17 5 89 1969
add 46774 3785.43 C 90 20 36 175 1991
add 38588 4492.47 D 677 10 4 314 1972
add 70730 4029.41 C 33 11 51 55 1951
add 5349 2841.53 C 970 1 56 188 1964
add 61080 3342.97 C 990 17 0 69 1992
add 19295 504.42 C 425 20 55 136 1998
add 37018 4171.97 D 341 4 52 180 1971
add 70841 2544.31 C 799 6 22 80 1972
add 72493 829.85 C 83 19 54 313 1953
add 51221 4481.79 C 872 9 10 109 1988
add 10720 2565.75 C 176 15 41 254 1998
add 59080 3753.71 C 6 16 24 334 1968
add 59059 157.21 C 429 12 49 279 1975
add 32966 2714.06 C 620 17 32 307 1953
add 61545 1124.93 C 986 20 18 35 1996
add 19457 1399.59 C 260 1 29 308 1980
add 71319 4917.41 C 701 21 34 189 1993
add 11718 4532.75 D 179 14 37 337 1978
add 70238 662.88 D 975 3 30 206 1950
add 18229 3484.73 D 610 13 12 27 1951
add 7924 1336.52 D 824 7 11 213 1993
add 46466 171.09 D 163 19 50 209 1955
add 57513 4440.26 D 259 3 55 122 1998
add 11297 1102.75 D 2 12 15 88 1959
add 10387 543.11 D 261 19 5 175 1980
add 2850 1065.03 D 754 18 53 33 1986
add 57126 2279.54 D 906 13 16 240 1976
add 73631 2147.28 D 308 3 50 110 1996
add 26978 2653.52 D 445 4 35 37 1972
add 29651 95.78 C 932 6 44 188 1998
add 83088 2746.00 C 381 5 38 341 1984
add 35329 1212.70 D 389 7 16 295 1996
add 95761 173.44 C 854 7 8 260 1989
add 66931 4273.59 C 977 13 15 319 1979
add 41026 894.98 C 877 3 6 264 1979
add 74324 3186.18 D 663 19 49 95 1965
add 96767 3216.02 D 228 20 26 53 1968
add 35798 2363.09 D 743 1 21 256 1973
add 33676 4085.74 C 47 16 27 62 1993
add 15725 3031.15 C 701 18 4 334 1970
add 23313 4036.31 D 438 12 40 206 1971
add 59826 4949.93 D 194 5 38 127 1958
add 10518 3361.50 C 630 15 5 125 1968
add 87804 4262.21 D 339 7 18 268 1978
add 22458 3382.10 C 492 13 32 181 1972
add 68110 4448.91 C 721 16 43 212 1967
add 11558 2896.12 C 462 20 4 361 1965
add 84618 3611.39 C 812 15 25 282 1958
add 54600 1161.20 D 184 18 10 161 1983
add 51068 2427.72 C 844 20 57 14 1977
add 139 273.06 D 646 9 11 18 1991
add 87717 4551.58 D 192 2 38 148 1960
add 78502 3929.23 C 254 2 40 111 1984
add 52528 1450.28 C 178 14 36 262 1960
add 64688 1247.32 C 497 11 24 55 1989
add 20342 2465.71 D 850 2 35 199 1958
add 33382 3305.49 D 510 1 44 168 1960
add 90651 4065.16 D 921 6 26 82 1985
add 19748 4209.56 C 32 14 30 347 1975
add 46024 4777.71 C 900 2 24 347 1969
add 28974 3897.11 C 968 17 3 270 1973
add 88244 4777.03 D 699 14 7 203 1991
add 65120 2316.31 C 707 1 8 253 1983
add 16622 1379.96 C 380 13 4 157 1966
add 6252 1874.13 C 22 14 7 235 1953
add 37926 2980.45 D 947 21 29 141 1950
add 77791 1298.40 D 552 11 55 322 1960
add 22392 188.39 C 355 11 20 151 1992
add 1039 308.31 D 178 6 5 178 1998
add 45258 4192.91 D 128 8 22 208 1997
add 18840 737.87 D 812 15 25 143 1994
add 78285 3619.60 D 266 9 52 180 1981
add 25320 1006.77 D 391 3 45 104 1967
add 20706 2401.20 C 334 2 14 106 1988
add 51665 2083.32 D 103 10 25 264 1969
add 84069 2431.39 D 907 19 30 278 1998
add 84886 4333.90 D 151 19 55 24 1996
add 70422 1021.01 D 768 2 57 93 1989
add 12010 4389.06 C 664 16 46 148 1986
add 54502 3211.44 C 269 11 0 155 1960
add 71658 4007.91 D 528 19 6 57 1965
add 93688 2965.30 C 599 10 16 17 1974
add 50793 3568.15 D 683 11 37 340 1951
find 28044
find 12010
find 54502
find 71658
find 93688
delete 28044
delete 12010
delete 54502
delete 71658
delete 93688
add 93688 2965.30 C 599 10 16 17 1974
add 54502 3211.44 C 269 11 0 155 1960
find 28044
find 12010
find 54502
find 71658
find 93688
print
end
